data,casos_positivos,casos negativos,notificacoes,aguardando resultado,casos_area_1,casos_area_2,casos_area_3,casos_area_4,casos_area_5,casos_area_101,novosCasos
20/02/2020,224,303,626,99,,,,,,,0
27/02/2020,265,357,733,111,,,,,,,41
05/03/2020,350,613,1077,114,,,,,,,85
12/03/2020,425,702,1272,145,,,,,,,75
19/03/2020,567,879,1593,147,,,,,,,142
27/03/2020,652,1191,2001,158,,,,,,,85
03/04/2020,738,1485,2367,144,,,,,,,86
08/04/2020,826,1677,2623,120,,,,,,,88
14/04/2020,901,1901,2907,105,,,,,,,75
24/04/2020,1014,2082,3.258,162,,,,,,,113
30/04/2020,1158,2274,3614,182,,,,,,,144
08/05/2020,1314,2447,3892,131,,,,,,,156
15/05/0220,1419,2562,4113,132,,,,,,,105
22/05/2020,1527,2715,4346,104,,,,,,,108
29/05/2020,1600,2822,4505,83,,,,,,,73
05/06/2020,1649,2980,4704,75,,,,,,,49